flags每个标签的准确率: [0.69230769 0.72307692 0.63076923 0.70769231 0.75384615 0.69230769
 0.86153846]
flags每个标签的稀疏度：[0.75384615 0.41538462 0.50769231 0.46153846 0.78461538 0.32307692
 0.09230769]

birds每个标签的准确率: [0.96904025 0.92569659 0.89783282 0.97832817 0.98142415 0.95975232
 0.90712074 0.94427245 0.93498452 0.89783282 0.89164087 0.95665635
 0.94117647 0.98452012 0.9380805  0.9628483  0.97213622 0.98452012
 0.95975232]
birds每个标签的稀疏度：[0.02167183 0.14241486 0.07739938 0.01547988 0.02167183 0.01857585
 0.06811146 0.05572755 0.09907121 0.08668731 0.12074303 0.0495356
 0.04643963 0.00928793 0.05882353 0.02786378 0.00619195 0.0123839
 0.03095975]

emotions每个标签的准确率: [0.76237624 0.70792079 0.71287129 0.8960396  0.82178218 0.86138614]
emotions每个标签的稀疏度：[0.26732673 0.29207921 0.47524752 0.29207921 0.36138614 0.28712871]

yeast每个标签的准确率: [0.78735005 0.61504907 0.72846238 0.74263904 0.75899673 0.75463468
 0.81897492 0.79280262 0.912759   0.89967285 0.90076336 0.7480916
 0.74154853 0.98146129]
yeast每个标签的稀疏度：[0.31188659 0.42857143 0.41984733 0.35986914 0.30643402 0.23882225
 0.18211559 0.2082879  0.087241   0.10032715 0.09923664 0.75027263
 0.74482007 0.01417666]